from (0, 0) on very top left

anchor: (975, 817)
topleft of window: (86.0, 53.0)
minimap: (1163.32421875, 651.96484375), (1365.0, 852.0)
gold_display, number only: (908.33203125, 827.2109375), (968.40234375, 845.5859375)
stats: (1082.01171875, 52.75390625), (1365.70703125, 77.02734375)
small_champ_icons bottom right: (1123.39453125, 589.734375), (1365.359375, 648.1171875)
scoreboard: (299.9921875, 227.875), (1155.33203125, 571.0859375)


(975, 817),
(86.0, 53.0),
(1163.32421875, 651.96484375), (1365.0, 852.0),
(908.33203125, 827.2109375), (968.40234375, 845.5859375),
(1082.01171875, 52.75390625), (1365.70703125, 77.02734375),
(1123.39453125, 589.734375), (1365.359375, 648.1171875),
(299.9921875, 227.875), (1155.33203125, 571.0859375)
